"A.crassip";"A.lacustr";"A.osteomy";"Ast.lacus";"C.britski";"C.kelberi";"C.modestu";"C.nagelii";"C.piquiti";"E.triline";"G.inaequi";"G.sveni";"H.littora";"H.mbigua";"H.oremacu";"H.orthono";"H.platyrh";"H.unitaen";"Hopli.sp2";"Hopli.sp3";"Hopli.spp";"I.labrosu";"L.frideri";"L.lacustr";"L.platyme";"M.aff.int";"M.lippinc";"M.macroce";"M.piavuss";"P.ambrose";"P.corrusc";"P.galeatu";"P.granulo";"P.lineatu";"P.maculat";"P.mesopot";"P.mysteri";"P.squamos";"R.descalv";"R.hahni";"R.vulpinu";"S.borelli";"S.brasili";"S.brevipi";"S.insculp";"S.lima";"S.maculat";"S.margina";"S.pappate";"T.paragua";"ano.mes"
1;0.608695652173913;0.647058823529412;0.740740740740741;0.666666666666667;NA;0.6;0.285714285714286;NA;1;NA;NA;0.210526315789474;NA;1;NA;0;0.5;NA;NA;0;0.5;0.833333333333333;0.7;0.0666666666666667;0.702127659574468;0.25;NA;0.857142857142857;0.181818181818182;0.857142857142857;0.261538461538462;1;0.647058823529412;0.6;NA;NA;0.1875;0.326530612244898;1;0.588235294117647;0.475409836065574;NA;NA;0.357142857142857;NA;0;0.247191011235955;0.263157894736842;0.111111111111111;"2000/02"
0.333333333333333;0;0;0.333333333333333;0;0;0.25;NA;0.5;0.75;NA;NA;0;NA;1;NA;0.5;0.25;NA;NA;0;0;NA;0.214285714285714;0.0537634408602151;0;1;NA;0.666666666666667;0.1;1;0.467741935483871;1;0.375;0;NA;NA;0.375;0;0;0.25;0.166666666666667;NA;NA;0.2;NA;0.25;0.292682926829268;0;NA;"2000/05"
0;0.428571428571429;NA;0;NA;NA;NA;0.153846153846154;NA;NA;NA;NA;0.111111111111111;NA;NA;NA;0.5;0;NA;NA;0;0.2;NA;0.2;0.0184049079754601;0;0;NA;0.2;0.027027027027027;1;0.0212765957446809;NA;0.75;0.178571428571429;NA;NA;NA;0.1;0.5;0;0.0645161290322581;NA;NA;0.344827586206897;NA;NA;0.0714285714285714;0.5;0.2;"2000/08"
NA;0.285714285714286;0.5;0.254237288135593;0.5;NA;0.75;0.5;NA;0.75;NA;NA;0;NA;1;NA;0.142857142857143;NA;NA;NA;0;0;0.5;0.157894736842105;0.0948905109489051;0.275862068965517;NA;NA;0.4;0.0833333333333333;NA;0.213333333333333;NA;0.625;0.333333333333333;NA;NA;0.5;0.24390243902439;0.5;0.5;0.258064516129032;NA;NA;0.708333333333333;NA;0;0.0925925925925926;0.6;0.142857142857143;"2000/11"
NA;0.419354838709677;0.25;0.721739130434783;0;1;NA;1;NA;0.111111111111111;NA;NA;0.111111111111111;NA;1;NA;0;NA;NA;NA;0;0.25;0.5;0.4;0.0869565217391304;0.462962962962963;1;NA;NA;0.037037037037037;0.8;0.293333333333333;NA;0.428571428571429;0.333333333333333;NA;NA;1;0.28125;1;0.4;0.0833333333333333;0;NA;0.575342465753425;0.5;0.181818181818182;0.277227722772277;0.714285714285714;0.0833333333333333;"2001/02"
1;0.193548387096774;0.339622641509434;0.35;0;0.4;1;0.8;NA;NA;NA;NA;0.2;NA;0.75;NA;NA;1;NA;NA;0;0.222222222222222;0.5;0.375;0.072463768115942;0.5;0.333333333333333;NA;0;0.115384615384615;0.9;0.192307692307692;0;0.814814814814815;0;NA;NA;0.45;0.378378378378378;NA;0.6;0.0833333333333333;NA;0;0.456521739130435;0;0;0.409090909090909;0.5;0;"2001/05"
0;0.272727272727273;0.375;0.366666666666667;0;NA;NA;0.8;NA;0;NA;NA;0.454545454545455;NA;NA;NA;0.333333333333333;NA;NA;NA;0;0.666666666666667;NA;0.333333333333333;0.152046783625731;0.6;1;NA;1;0.1875;0.75;0.0625;1;0.846153846153846;0.333333333333333;NA;NA;0.5;0.135593220338983;1;1;0.3;NA;0.583333333333333;0.25;NA;0.666666666666667;0.476190476190476;0.333333333333333;0;"2001/08"
0;0.285714285714286;0.355555555555556;0.268292682926829;0;0;0.357142857142857;0.8;NA;0;NA;NA;0;NA;0;NA;NA;1;NA;NA;0;0.857142857142857;1;0.428571428571429;0.153225806451613;0.381818181818182;0.555555555555556;NA;0.5;0;0.5;0.128205128205128;NA;0.705882352941177;0.9;NA;NA;1;0.363636363636364;1;1;0.166666666666667;NA;0.434210526315789;0.545454545454545;0;0;0.15625;0.285714285714286;0.125;"2001/10"
NA;0.583333333333333;0.384615384615385;0.49;NA;0.25;1;0.428571428571429;NA;0.166666666666667;NA;NA;0.0819672131147541;NA;0.6;NA;0.166666666666667;0.615384615384615;NA;NA;0;0;0.6;0.476190476190476;0.218934911242604;0.34;0;0;0.615384615384615;0.0526315789473684;0.5;0.368421052631579;0;0.222222222222222;0.222222222222222;0;NA;1;0.315789473684211;1;0.6;0.0714285714285714;0.25;0.518518518518518;0;0;0.5;0.31858407079646;0;1;"2002/03"
0.75;0.230769230769231;0.416666666666667;0.368421052631579;0;0.466666666666667;0.375;1;NA;0.346153846153846;0;NA;NA;NA;1;NA;0.2;1;NA;NA;0;0.214285714285714;1;0.53125;0.250836120401338;0.157142857142857;1;NA;0.75;0.102564102564103;1;0.25531914893617;1;0.8;0.454545454545455;NA;NA;0.666666666666667;0.4;NA;0.615384615384615;0.666666666666667;NA;0.510204081632653;0.333333333333333;NA;0.466666666666667;0.471153846153846;0.666666666666667;1;"2002/05"
0.333333333333333;0.0857142857142857;0.0384615384615385;0.359375;0;0.0666666666666667;0.2;0;0;0.333333333333333;NA;NA;0;NA;1;NA;0;0.25;NA;NA;0;0.642857142857143;1;0.176470588235294;0.356410256410256;0.407407407407407;0;NA;1;0.131578947368421;0.5;0.259259259259259;1;0.666666666666667;0.222222222222222;NA;NA;1;0.2;0;1;0.444444444444444;NA;0.322033898305085;0.302631578947368;0;0.666666666666667;0.625;0.153846153846154;0.0666666666666667;"2002/08"
0;0.357142857142857;0.375;0.5;0;0.214285714285714;1;1;0;0.32;NA;NA;NA;NA;0.428571428571429;NA;0;1;NA;NA;0;0.411764705882353;0.6;0.444444444444444;0.532299741602067;0.222222222222222;1;NA;1;0.0357142857142857;0.8;0.150684931506849;0.75;0.666666666666667;0.545454545454545;NA;NA;0.333333333333333;0.160714285714286;0;0.882352941176471;0.552631578947368;NA;0.560747663551402;0.347826086956522;0;0;0.258426966292135;0.129032258064516;0;"2002/11"
1;0.2;0.363636363636364;0.628099173553719;NA;0.5;0;0.4;0.75;0;0.72972972972973;NA;0.267515923566879;NA;1;NA;NA;0.40625;NA;NA;0;NA;0.9;0.6;0.28310502283105;1;0.75;NA;0.5;0.0294117647058824;1;0.3125;NA;0.285714285714286;0.444444444444444;NA;0.5;NA;0.588235294117647;0.5;NA;0.666666666666667;NA;0.428571428571429;1;NA;0.25;0.6;0.285714285714286;0;"2003/03"
0;0.333333333333333;0.333333333333333;0.227272727272727;0.333333333333333;0.222222222222222;0.111111111111111;NA;NA;0;0.8;NA;0.5;NA;0;NA;NA;NA;NA;NA;0;0.333333333333333;1;0.4;0.135416666666667;0;0.666666666666667;0;0.5;0.0285714285714286;0.5;0.315789473684211;NA;0.666666666666667;0.25;NA;NA;NA;0.307692307692308;0;0.25;0.4;NA;0.181818181818182;0.5;NA;0.666666666666667;0.461538461538462;0.28;0.5;"2003/09"
0.555555555555556;0.233333333333333;0.318181818181818;0.555555555555556;0.5;0.333333333333333;0;NA;NA;0.333333333333333;0.454545454545455;NA;0;NA;0.5;NA;0;NA;NA;NA;0;0.5;0.384615384615385;0.393939393939394;0.243386243386243;0.185714285714286;0.909090909090909;NA;0.75;0;1;0.398148148148148;0.5;0.5;0.769230769230769;NA;NA;0.666666666666667;0.333333333333333;0;0.75;0.136363636363636;NA;0.5;0.363636363636364;NA;0;0.292682926829268;0.205882352941176;0.117647058823529;"2004/03"
NA;0.285714285714286;0;0.285714285714286;0;0;NA;0.333333333333333;NA;1;0.75;NA;0.0909090909090909;NA;1;NA;NA;NA;NA;NA;0;0;1;0;0.174129353233831;0;NA;0;0.333333333333333;0;0;0.192307692307692;NA;NA;0;NA;NA;NA;0;NA;0;0.0909090909090909;NA;0.142857142857143;0.166666666666667;NA;1;0.5;0;NA;"2004/06"
0;0.13953488372093;0.463414634146341;0.476190476190476;0;0;1;NA;NA;0.117647058823529;0.333333333333333;NA;0;NA;0.6;NA;0;NA;NA;NA;0;1;0.5;0.2;0.0833333333333333;0.571428571428571;0.666666666666667;NA;1;0.0625;0.5;0.257731958762887;0;0;0.636363636363636;NA;NA;0.258064516129032;0.28030303030303;0;0.333333333333333;0.4;NA;0.285714285714286;0.333333333333333;0;0;0.266666666666667;0.111111111111111;0.333333333333333;"2004/09"
0;0.40625;0.333333333333333;0.2;0.25;0;0.333333333333333;NA;1;0.166666666666667;0.5;NA;0.2;NA;0;NA;NA;NA;NA;NA;0;NA;0.5;0.344827586206897;0.118918918918919;0.416666666666667;0.571428571428571;0;0.5;0.0588235294117647;1;0.2875;0.25;NA;1;NA;0.5;0.136363636363636;0.540540540540541;0;0.615384615384615;0.35;NA;0.818181818181818;NA;NA;NA;0.215686274509804;0.1875;0;"2004/12"
0;0.317073170731707;0.558823529411765;0.701492537313433;0.416666666666667;0.714285714285714;0.8;0;0.5;0.811320754716981;0.727272727272727;NA;0.2;NA;1;NA;NA;0.772727272727273;NA;NA;0;0;0.84;0.611111111111111;0.114973262032086;0.6;0.8;0;NA;0.0588235294117647;0.833333333333333;0.594339622641509;1;0.645833333333333;1;1;NA;0.368421052631579;0.422222222222222;0.571428571428571;0.689655172413793;0.448275862068966;1;0.423076923076923;0.538461538461538;NA;0.142857142857143;0.691525423728814;0.448275862068966;0;"2005/03"
0.5;0.3375;0.257142857142857;0.684210526315789;0;0.454545454545455;NA;NA;0;NA;0.285714285714286;NA;0.25;NA;NA;NA;1;0;NA;NA;0;0.2;1;0.419354838709677;0.106508875739645;1;1;NA;0.642857142857143;0.0344827586206897;0.714285714285714;0.6;1;0.535714285714286;0.75;1;1;0.25;0.142857142857143;0.333333333333333;0.5;0.416666666666667;1;0.75;0;NA;0.5;0.740740740740741;0.533333333333333;1;"2005/06"
0.458333333333333;0.326086956521739;0.142857142857143;0.375;0;0.25;0;NA;0.5;0;0;NA;0.111111111111111;NA;NA;NA;1;0.428571428571429;NA;NA;0;0.666666666666667;1;0.259259259259259;0.0901639344262295;1;0.928571428571429;NA;NA;0.0277777777777778;0.571428571428571;0.357142857142857;NA;1;0.636363636363636;NA;NA;NA;0;NA;1;0.75;1;0.5;0.25;NA;0;0.958333333333333;0.184210526315789;NA;"2005/09"
0;0.138392857142857;0.526315789473684;0.275862068965517;0;0.25;1;0.142857142857143;1;0.5;0.666666666666667;0.5;0.111111111111111;NA;0;NA;1;0;NA;NA;0;0;0.583333333333333;0.45360824742268;0.0821256038647343;0.142857142857143;0.842105263157895;NA;0.5;0.0714285714285714;0.714285714285714;0.309178743961353;1;0.666666666666667;0.6875;NA;NA;0.529411764705882;0.242718446601942;0.333333333333333;0.666666666666667;0.4;0.75;0.582417582417582;0.34375;NA;0;0.576923076923077;0.181818181818182;0.264150943396226;"2005/12"
NA;0.5;0.148148148148148;0.357142857142857;0.333333333333333;0;NA;NA;0;0.333333333333333;0.333333333333333;0.333333333333333;0.238095238095238;NA;1;NA;0.5;1;NA;NA;0;1;0.2;0.525;0.115384615384615;0.222222222222222;0.5;0;0.647058823529412;0.0512820512820513;1;0.24822695035461;0;0.375;0.4;1;NA;0.181818181818182;0.476190476190476;1;0.333333333333333;0.176470588235294;0.928571428571429;0.117647058823529;0.0434782608695652;NA;0;0.196581196581197;0.5;0.258064516129032;"2006/03"
0;0.217391304347826;0.5;0.125;NA;0.333333333333333;0.4;NA;NA;1;1;NA;0;NA;1;NA;0.666666666666667;NA;NA;NA;0;0.1;0;0.15;0.0375;0.5;1;NA;0.454545454545455;0.0714285714285714;1;0.185567010309278;NA;0.454545454545455;0.5;NA;NA;0;0;1;1;0.153846153846154;0.5;0.3;0;NA;0.333333333333333;0.3;0.0625;0.375;"2006/06"
0.666666666666667;0.36986301369863;0.272727272727273;0.0909090909090909;0.2;0.142857142857143;0.333333333333333;NA;NA;NA;1;0;0.0952380952380952;NA;0.8;NA;1;NA;NA;NA;0;0.7;0;0.193548387096774;0.0229885057471264;0.636363636363636;0.6;0.5;0.25;0.0571428571428571;0.333333333333333;0.181818181818182;0;1;0.6;NA;NA;0.142857142857143;0.19047619047619;NA;0.666666666666667;0.166666666666667;NA;0.642857142857143;0;NA;NA;0.208333333333333;0.354838709677419;0.142857142857143;"2006/09"
0;0.403225806451613;0.526315789473684;0.0714285714285714;NA;0.1875;0;NA;0.333333333333333;1;1;0.461538461538462;0.1;0.116279069767442;0.571428571428571;NA;0.5;0;0.444444444444444;0.416666666666667;NA;0.333333333333333;0.545454545454545;0.529411764705882;0.0950413223140496;0.209039548022599;0.375;1;0.8;0.0909090909090909;0.6;0.359447004608295;0.5;1;0.882352941176471;0.5;NA;0.5;0.188118811881188;1;1;0.2;0.75;0.703703703703704;0;NA;0.0588235294117647;0.230769230769231;0.333333333333333;0.228070175438596;"2006/12"
0;0.688888888888889;0.333333333333333;0.683908045977011;1;0.545454545454545;NA;NA;1;NA;1;0;0.621867881548975;0.333333333333333;0.95;NA;NA;0;0.666666666666667;0;NA;1;0.77;0.866666666666667;0.0285714285714286;0.315555555555556;1;0;0.666666666666667;0.727272727272727;NA;0.461538461538462;1;0.791666666666667;0.4;1;NA;0;0.25;NA;0.25;0.384615384615385;NA;NA;NA;NA;0.75;0.582089552238806;0;0.5;"2007/03"
0.5;0.765625;0.833333333333333;0.266666666666667;0;0.394736842105263;1;NA;0.666666666666667;NA;1;0.833333333333333;0.391752577319588;0.151898734177215;1;NA;0.621621621621622;0.205882352941176;0.304347826086957;0.25;NA;0.3;1;0.403846153846154;0.393081761006289;NA;0.954545454545455;0.5;0.625;0.797101449275362;0.985915492957746;0.7;1;0.992217898832685;0.846153846153846;1;0;0;0.333333333333333;1;1;0.68503937007874;1;0.947368421052632;0.171779141104294;1;0.0882352941176471;0.888111888111888;0.384615384615385;0.794871794871795;"2007/06"
0;0.637362637362637;1;0.238095238095238;0.2;0.157894736842105;0.5;NA;1;1;1;0.625;0.0625;0.25;1;NA;0.866666666666667;NA;0.369747899159664;0.6;0;0.4;0.666666666666667;0.28125;0.15527950310559;0.34375;0.8;0.571428571428571;0.857142857142857;0.5;1;0.508474576271186;NA;1;1;1;NA;0.666666666666667;0.3;1;0.5;0.802469135802469;1;0.5625;0.361111111111111;1;0.3;0.86682808716707;0.476190476190476;1;"2007/09"
0.6;0.551020408163265;0.696078431372549;0.6;NA;0.16;0;1;0.5;1;1;0.85;0.695652173913043;0.319444444444444;1;NA;1;0.625;0.325842696629214;0.333333333333333;0;1;1;0.583333333333333;0.786764705882353;0.363636363636364;0.958333333333333;0;0.8;0.72;0.9375;0.24;1;1;1;1;1;0.466666666666667;0.131578947368421;1;1;0.666666666666667;1;0.771428571428571;0.304878048780488;0.444444444444444;0.2;0.792710706150342;0.684210526315789;0.666666666666667;"2007/11"
NA;0.625;0.775510204081633;0.166666666666667;NA;0.6;0.75;NA;0;1;1;0.608695652173913;0.590909090909091;0.486486486486487;1;NA;0.9375;NA;0.285714285714286;0.5;NA;0;0.142857142857143;0.444444444444444;0.4625;0.389473684210526;0.75;1;0;0.208333333333333;0.875;0.30379746835443;0.888888888888889;0.970588235294118;1;1;1;0.428571428571429;0.193548387096774;1;0.8;0.727272727272727;0.866666666666667;0.5;0.428571428571429;1;0.225806451612903;0.630188679245283;0.444444444444444;0.5;"2008/02"
NA;0.285714285714286;0.333333333333333;0;0.5;0.2;0;NA;0;1;1;0.333333333333333;0.375;0.2;NA;NA;1;0;0.133333333333333;1;NA;NA;NA;0.222222222222222;0.223744292237443;0;1;NA;0.5;0.25;1;0.128205128205128;1;0.91358024691358;0.6;1;NA;1;0.142857142857143;NA;1;0.31404958677686;0.2;0.5;0;1;0;0.379310344827586;0;NA;"2008/06"
0.5;0.363636363636364;0.525641025641026;0.2;0;0.142857142857143;NA;NA;1;1;NA;0.75;0.25;0.25;NA;NA;0.875;NA;0.25;0.5;NA;0.6;NA;0.454545454545455;0.13135593220339;0.283018867924528;0.5;NA;NA;0.347826086956522;0.857142857142857;0.242105263157895;1;0.95;0.416666666666667;1;1;0.333333333333333;0.307692307692308;NA;1;0.362637362637363;0.5;0.285714285714286;0.37037037037037;0.5;0.166666666666667;0.588235294117647;0.4;NA;"2008/09"
NA;0.44;0.631578947368421;0.666666666666667;0.25;0.266666666666667;NA;1;1;1;1;0.869565217391304;0.13953488372093;0.238095238095238;0.8;0;0.833333333333333;0.0943396226415094;0.289473684210526;0;NA;NA;0.5;0.210526315789474;0.207547169811321;0.17910447761194;1;NA;0;0.617647058823529;0.75;0.311926605504587;0;0.8875;NA;1;0.5;0.666666666666667;0.294117647058824;NA;0.6;0.333333333333333;NA;0.662337662337662;0.446808510638298;0;0.25;0.481012658227848;0.454545454545455;NA;"2008/11"
0.5;0.8;0.454545454545455;0.25;NA;0.666666666666667;NA;NA;NA;1;1;0.6875;0.251798561151079;0.230769230769231;NA;NA;0.666666666666667;0.227272727272727;0.282051282051282;0.333333333333333;NA;0;0.333333333333333;0.583333333333333;0.107438016528926;0;1;0.5;NA;0.323076923076923;1;0.338028169014085;0.666666666666667;0.774193548387097;0.5;0.928571428571429;NA;0.666666666666667;0.4;1;0.6;0.2;0;NA;0.428571428571429;0.25;0.111111111111111;0.444444444444444;0.181818181818182;NA;"2009/03"
0;0.222222222222222;0.333333333333333;0;0;0.428571428571429;NA;NA;1;1;1;0.857142857142857;0.46875;0.413793103448276;NA;NA;1;NA;0.2;0.5;NA;0.333333333333333;NA;0.266666666666667;0.18018018018018;0;1;0.5;NA;0.625;0.8;0.0952380952380952;0.875;0.857142857142857;0.4;NA;NA;0.333333333333333;0;NA;NA;0.166666666666667;NA;0.166666666666667;0;0;0;0.285714285714286;0.0833333333333333;0;"2009/06"
0.8;0.444444444444444;0.823529411764706;0.0769230769230769;0;0.0909090909090909;NA;NA;1;1;1;0.5;0.132075471698113;0.275862068965517;NA;0.5;1;0.2;0.2;0.125;NA;0;0;0.230769230769231;0.215116279069767;0.333333333333333;1;NA;0;0.294117647058824;1;0.394366197183099;0.666666666666667;0.8;0.363636363636364;NA;1;1;0.25;1;1;0.258064516129032;0;0.333333333333333;0;0;0.5;0.266666666666667;0.176470588235294;NA;"2009/09"
1;0.666666666666667;NA;0.333333333333333;0;0.2;0;NA;NA;1;1;0.653061224489796;0.726086956521739;0.611111111111111;0.666666666666667;0.314285714285714;NA;1;0.636363636363636;0.333333333333333;NA;NA;0.411764705882353;0.565217391304348;0.306122448979592;0.645833333333333;0.5;1;0.4;0.44;1;0.372549019607843;0;0.844444444444444;0.75;1;NA;NA;0;1;1;0.290322580645161;0.666666666666667;0.518518518518518;0.460674157303371;NA;0.363636363636364;0.111111111111111;0.333333333333333;0.368421052631579;"2009/12"
0;0.605;0.983050847457627;0.772727272727273;NA;0.613496932515337;NA;NA;1;0;1;0.576923076923077;0.206666666666667;0.28;1;0.912280701754386;NA;0.35;0.642857142857143;0.25;0;NA;0.928571428571429;0.753768844221106;0.178571428571429;0.36046511627907;1;0.125;0.972972972972973;0.436363636363636;0.975;0.587677725118483;0.882352941176471;0.987455197132617;0.951219512195122;1;NA;NA;0.368421052631579;1;1;0.602209944751381;1;1;0.770833333333333;1;0.482142857142857;0.907665505226481;0.6;0.714285714285714;"2010/03"
0.481481481481481;0.244604316546763;0.6;0.151515151515152;0;0.346666666666667;NA;NA;1;NA;1;1;0.037037037037037;0.0795454545454545;NA;1;1;0.4;0.142857142857143;0.12;0;NA;1;0.472972972972973;0.220812182741117;0;1;0.285714285714286;0.955555555555556;0.527777777777778;0.898305084745763;0.773006134969325;1;0.950764006791171;0.62962962962963;1;NA;NA;0;1;0;0.517241379310345;1;0.111111111111111;0.188679245283019;0.5;0.277777777777778;0.920634920634921;0.117647058823529;1;"2010/06"
0.714285714285714;0.371621621621622;0.903225806451613;0.210526315789474;0;0.533333333333333;1;NA;0.666666666666667;NA;NA;0.5;0.4;0.371428571428571;0.666666666666667;0.8;0.6;NA;0.666666666666667;0.692307692307692;NA;0.222222222222222;NA;0.608695652173913;0.369047619047619;0;1;0.8;0.75;0.372093023255814;0.657894736842105;0.675675675675676;1;0.99546485260771;0.62962962962963;1;1;1;0.5;1;1;0.792349726775956;NA;0.315789473684211;0.456896551724138;0.212121212121212;0.189189189189189;0.8;0.555555555555556;1;"2010/09"
NA;0.402730375426621;0.538461538461538;0.263157894736842;0;0.173913043478261;NA;NA;0;1;1;0.529411764705882;NA;0.24390243902439;0;0.67948717948718;0.853658536585366;NA;0.217391304347826;0.5;NA;0.6875;0.785714285714286;0.529411764705882;0.130597014925373;0.102739726027397;NA;0;0.739130434782609;0.136;0.882352941176471;0.333333333333333;0.8;0.940677966101695;0.593220338983051;0.944444444444444;NA;0.3;0.223076923076923;1;0.5;0.525423728813559;0.6;0.644736842105263;0.202247191011236;0.25;0.0197368421052632;0.550488599348534;0;0.752688172043011;"2010/12"
0.666666666666667;1;0.64;0;NA;0;NA;NA;0;NA;NA;0;0.5;0;NA;0.459016393442623;1;0.666666666666667;1;0.666666666666667;NA;NA;0.571428571428571;0.636363636363636;0.05;0;0.666666666666667;NA;0.555555555555556;0.578947368421053;NA;0.25;1;0.733606557377049;1;NA;NA;0;NA;NA;1;0.4;0.9;NA;NA;0.5;0;0.0564516129032258;0;NA;"2011/03"
0.875;0.429435483870968;0.166666666666667;0.261904761904762;NA;0.125;0;0;NA;NA;1;0.7;0.0666666666666667;0.155172413793103;NA;0.783783783783784;0.4;0.25;0.037037037037037;0.135135135135135;NA;0.5;0.5;0.258620689655172;0.0701754385964912;0.333333333333333;NA;0.666666666666667;0.692307692307692;0.505154639175258;0.8;0.356643356643357;0.952380952380952;0.768392370572207;0.282051282051282;1;0.5;1;0.157894736842105;NA;NA;0.161849710982659;0.444444444444444;0.548387096774194;0.266666666666667;0.125;0;0.78125;0;0.647058823529412;"2011/06"
0.533333333333333;0.472527472527473;0.526315789473684;0.228070175438596;0;0.0869565217391304;0.5;0;0;NA;NA;0.5;0.2;0.215384615384615;0;0.653846153846154;0.764705882352941;NA;0.178571428571429;0.391304347826087;0;0.5;NA;0.136363636363636;0.128930817610063;0.495238095238095;NA;NA;0.615384615384615;0.3875;0.952380952380952;0.260115606936416;1;0.796774193548387;0.25;1;0.333333333333333;NA;0.0681818181818182;1;NA;0.233009708737864;0;0.318181818181818;0.107692307692308;0.130434782608696;0;0.642276422764228;0.166666666666667;NA;"2011/09"
1;0.516666666666667;0.466666666666667;0.409090909090909;NA;0.2;NA;0.8;0;1;1;0.555555555555556;0.0447761194029851;0.170731707317073;0.5;0.390625;0.666666666666667;0.0789473684210526;0.21875;0.166666666666667;NA;0.5;0.25;0.533333333333333;0.09765625;0.330188679245283;1;NA;1;0.592;0.875;0.25;1;0.717391304347826;0.25;1;0.5;0.4;0.350877192982456;1;NA;0.292993630573248;NA;0.459016393442623;0.240384615384615;0.666666666666667;0.0833333333333333;0.651041666666667;0.5;0.166666666666667;"2011/12"
1;0.597222222222222;0.882352941176471;0.666666666666667;0.2;1;0.8;NA;NA;1;1;0.647058823529412;NA;0.5;NA;0.44047619047619;0.7;NA;0.333333333333333;NA;NA;0.583333333333333;0.48;0.666666666666667;0.10880829015544;0.333333333333333;1;NA;0.705882352941177;0.353658536585366;0.666666666666667;0.46039603960396;1;0.799163179916318;0.379310344827586;0;1;0.75;0.3;1;1;0.346666666666667;0.25;0.529411764705882;0.606382978723404;0;0.193548387096774;0.378223495702006;0.4;0.107142857142857;"2012/02"
1;0.324324324324324;0.428571428571429;0.333333333333333;0;0.833333333333333;NA;0;1;1;NA;0.733333333333333;0;0.422222222222222;0.9;0.889830508474576;0.666666666666667;0;0.555555555555556;1;NA;0.5;0.6;0.214285714285714;0.100401606425703;0.2;0.5;NA;0.333333333333333;0.172413793103448;1;0.182692307692308;1;0.797101449275362;0.545454545454545;NA;1;0.714285714285714;0.230769230769231;1;NA;0.222222222222222;0;0.321428571428571;0.345454545454545;1;0.6;0.305555555555556;0;0.642857142857143;"2012/06"
0.25;0.269662921348315;0.222222222222222;0.266666666666667;NA;0;NA;0;1;1;1;0.647058823529412;0;0.0645161290322581;0.5;0.861111111111111;0.529411764705882;NA;0.176470588235294;0;NA;0;0;0.25;0.0620689655172414;0.208333333333333;1;0;0.4;0.268292682926829;1;0.113333333333333;NA;0.461538461538462;0.0625;NA;0.8;0;0.3125;1;NA;0.0961538461538462;NA;0.354430379746835;0.441176470588235;0;0.142857142857143;0.229166666666667;0.125;0.25;"2012/09"
0.25;0.425531914893617;0.375;0.166666666666667;0.5;0.111111111111111;NA;0.285714285714286;NA;1;1;0.74025974025974;0;0.2;1;0.838709677419355;0.166666666666667;NA;0.285714285714286;NA;NA;0.588235294117647;0.857142857142857;0.333333333333333;0.0710382513661202;0.0666666666666667;0.5;NA;NA;0.466666666666667;1;0.232727272727273;0.666666666666667;0.620689655172414;0.55;1;NA;0.272727272727273;0.285714285714286;NA;0.125;0.336842105263158;1;0.36986301369863;0.454545454545455;0.222222222222222;0;0.42962962962963;0.466666666666667;0.210526315789474;"2012/12"
1;0.411764705882353;0.666666666666667;0;0;0.714285714285714;NA;0.375;NA;NA;NA;0.551724137931034;0;0;NA;0.7;0.666666666666667;0;0;NA;NA;NA;0.545454545454545;0.461538461538462;0.114864864864865;0;0.666666666666667;0;NA;0.34;1;0.366906474820144;0.8;0.808823529411765;0.5;1;1;0.35;0.416666666666667;1;0.4;0.280701754385965;1;0.41304347826087;0.402061855670103;0;0.0645161290322581;0.354609929078014;0.3;0.166666666666667;"2013/03"
0.5;0;0.25;0;NA;0.4;NA;NA;NA;NA;NA;0.5;0.285714285714286;0.0909090909090909;0.5;0.40625;0.857142857142857;NA;0.25;0;NA;NA;NA;0;0.0952380952380952;0.125;1;NA;0;0.18;1;0.26;1;0.594202898550725;0.0769230769230769;NA;NA;0.111111111111111;0.111111111111111;NA;NA;0.0222222222222222;NA;0;0.046875;0.333333333333333;0;0.136363636363636;0;0.25;"2013/06"
0.5;0.2;0.25;0.193548387096774;0;0.333333333333333;NA;NA;1;1;1;0.5;0.5;0.125;0;0.846153846153846;0.666666666666667;NA;0.277777777777778;0.125;0;NA;NA;0.181818181818182;0.0423728813559322;0.0857142857142857;1;0;0.5;0.46;1;0.137777777777778;1;0.62;0.178571428571429;NA;0.333333333333333;0.142857142857143;0.166666666666667;1;0.4;0.0694444444444444;0;0.25;0.292307692307692;0;0;0.0987654320987654;0;0.08;"2013/09"
NA;0;0.166666666666667;0;0.2;0;NA;0;0;1;1;0.75;0.0454545454545455;0.142857142857143;0.333333333333333;0.703225806451613;0.352941176470588;0;0.0769230769230769;0.272727272727273;NA;0.119047619047619;0.142857142857143;0.277777777777778;0.0144927536231884;0.368421052631579;0.846153846153846;NA;1;0.361702127659574;1;0.154867256637168;0.5;0.5;0.125;1;NA;0.421052631578947;0.15;NA;0.75;0.036144578313253;NA;0.2;0.319148936170213;0.25;0;0.225806451612903;0.25;0.421052631578947;"2013/12"
0.5;0.222222222222222;0.375;0;0.333333333333333;0.75;NA;0.307692307692308;NA;1;1;0.722222222222222;0.0869565217391304;0;0.625;0.86;0.25;0.333333333333333;0.4;0.5;NA;0.5;0.4;1;0.0104166666666667;0.125;0.5;NA;1;0.358974358974359;1;0.372093023255814;0.5;0.511111111111111;0.333333333333333;0;1;0.210526315789474;0.166666666666667;NA;0.666666666666667;0.135135135135135;NA;0.578947368421053;0.461538461538462;0;0.428571428571429;0.126126126126126;0.285714285714286;0.222222222222222;"2014/03"
NA;1;1;0.111111111111111;0;0.833333333333333;0;NA;NA;1;1;1;0.32258064516129;0.0606060606060606;NA;0.333333333333333;1;0;0;0.5;NA;0.111111111111111;NA;0;0.0847457627118644;0;NA;0;NA;0.589285714285714;1;0.131578947368421;0;0.426470588235294;0.4;NA;0;0.857142857142857;0.0909090909090909;1;NA;0.146341463414634;NA;0.2;0.4;NA;NA;0.24;0;0.285714285714286;"2014/06"
0.333333333333333;0;0.166666666666667;0;0.25;0;NA;0.5;0.5;1;1;0.5;0;0.0476190476190476;1;0.882352941176471;0.666666666666667;NA;0;0;0;0.166666666666667;1;0.125;0.0384615384615385;0.166666666666667;0.714285714285714;0;0;0.391304347826087;NA;0.238938053097345;0.333333333333333;0.282051282051282;0.333333333333333;NA;0.5;0.2;0;NA;NA;0.0555555555555556;1;0.0196078431372549;0.384615384615385;0;0;0.0359712230215827;0.307692307692308;0.181818181818182;"2014/09"
0.5;0.357142857142857;0.25;0.0833333333333333;NA;0.032258064516129;0.25;1;0;1;1;0.333333333333333;0;0.0555555555555556;0.666666666666667;0.488372093023256;0.5;NA;0.166666666666667;0;NA;0.166666666666667;0;0.166666666666667;0.0569620253164557;0;0.5;NA;0.333333333333333;0.207547169811321;0.666666666666667;0.176211453744493;0.571428571428571;0.258064516129032;0.333333333333333;NA;0.380952380952381;0.5;0;1;0;0.129032258064516;NA;NA;0.4;0;0;0.223529411764706;0.192307692307692;0.461538461538462;"2014/12"
0.333333333333333;0.2;0;0.75;0;0.333333333333333;0.5;0.5;NA;NA;1;0.382978723404255;0.15;0.2;1;0.477272727272727;0;NA;0;0;NA;0.2;0;0;0.116504854368932;NA;1;0;NA;0.375;1;0.206896551724138;0;0.304347826086957;0.0714285714285714;NA;NA;0.166666666666667;0;1;NA;0.230769230769231;NA;0;0;NA;0.2;0.209302325581395;0.1;0;"2015/03"
0;0;0.333333333333333;0;0;0.5;NA;NA;NA;1;1;0;0;0.0740740740740741;0.5;0.4;0;NA;0;0;NA;0;1;0;0.0116959064327485;NA;0.666666666666667;0;NA;0.0681818181818182;1;0.0555555555555556;0.6;0.285714285714286;0;NA;NA;0.2;0;NA;0;0;NA;NA;0;NA;0;0.4;0.0454545454545455;0;"2015/06"
1;0;0.2;0.0571428571428571;0;0;1;NA;NA;1;1;0.125;0.0555555555555556;0.1;NA;0.888888888888889;0;0.363636363636364;0.2;0;NA;NA;0.5;0.111111111111111;0.00869565217391304;0;0.647058823529412;0;NA;0.168067226890756;0.6;0.079646017699115;0.0769230769230769;0.4375;0.111111111111111;1;0;0.5;0;1;NA;0;NA;0;0;NA;0;0.0740740740740741;0;0.6;"2015/09"
0;0.25;0.666666666666667;0.4;0.166666666666667;0;NA;NA;NA;1;1;0.257142857142857;0.0196078431372549;0.1;0.2;0.4;NA;0.777777777777778;NA;0.25;NA;NA;0.111111111111111;0.3125;0;0;0.75;0;0;0.264150943396226;1;0.35;0;0;0.142857142857143;0;0;0.25;0.210526315789474;1;0.333333333333333;0;NA;NA;NA;0;0.125;0.3;0.233333333333333;0.25;"2015/11"
0.5;0.285714285714286;0.528455284552846;0.427350427350427;0;0.454545454545455;NA;NA;NA;NA;1;0.222222222222222;0.208860759493671;0.4;NA;0.473913043478261;1;0.818181818181818;NA;0;NA;NA;0.5;0.575757575757576;0.0735294117647059;NA;0.666666666666667;0;0.25;0.477611940298507;1;0.5;1;0.377906976744186;NA;NA;0.333333333333333;NA;0;1;1;0.272727272727273;NA;0;NA;NA;0;0.372093023255814;0.222222222222222;0.4;"2016/02"
0.652173913043478;0.4;0.666666666666667;0.3;0;0.25;NA;1;1;1;1;0.0833333333333333;0.127118644067797;0.116666666666667;NA;0.5;1;0.375;0.130434782608696;0.141176470588235;NA;NA;0;0.644230769230769;0.0379746835443038;0.333333333333333;0.722222222222222;0.5;1;0.249122807017544;0.6;0.407035175879397;0.6875;0.795539033457249;0;1;1;NA;0.5;1;NA;0.530769230769231;NA;1;0.5;0;0;0.974358974358974;0.217391304347826;0.19047619047619;"2016/06"
0.384615384615385;0.300546448087432;0;0.301369863013699;0;0.0714285714285714;NA;1;0;1;1;0.2;0;0.0363636363636364;0;0.4;0.25;0.5;0.108910891089109;0.0833333333333333;NA;0;1;0.438095238095238;0.031496062992126;0.375;1;1;0.523809523809524;0.583333333333333;0.909090909090909;0.491228070175439;0.5;0.864705882352941;0.4;NA;0.25;0;0.15625;1;NA;0.393700787401575;NA;0.333333333333333;0.444444444444444;0;0.181818181818182;0.897435897435897;0.172413793103448;0.25;"2016/09"
0;0.380952380952381;0.681159420289855;0.296296296296296;0;0.0512820512820513;1;NA;NA;1;1;0.375;0.0526315789473684;0.246575342465753;0.6;0.222748815165877;0.428571428571429;0;0.258064516129032;0.25;0;0.217391304347826;0.411764705882353;0.528089887640449;0.122950819672131;0.288288288288288;0.789473684210526;0.5;0.777777777777778;0.41025641025641;1;0.405994550408719;0.894736842105263;0.836501901140684;0;1;0.642857142857143;0.333333333333333;0.160714285714286;1;1;0.353448275862069;1;0.435294117647059;0.555555555555556;0;0.0606060606060606;0.622747747747748;0.21875;0.346153846153846;"2016/11"
0.666666666666667;0.5;0.452380952380952;0;NA;0.333333333333333;NA;0;NA;NA;1;0.2;0.12;0.294117647058824;0.285714285714286;0.419354838709677;0;0.0454545454545455;0;0.214285714285714;NA;0.740740740740741;0.75;0.363636363636364;0.0825688073394495;NA;1;NA;0.4;0.344827586206897;0.5;0.337837837837838;0.958333333333333;0.891566265060241;0;1;0.523809523809524;0.384615384615385;0.272727272727273;NA;0.769230769230769;0.277777777777778;1;0.25;NA;NA;0;0.4;0.111111111111111;0.207792207792208;"2017/03"
0.5;0.214285714285714;0.378378378378378;0.285714285714286;0;0.0909090909090909;NA;NA;1;1;1;0.214285714285714;0.1;0.166666666666667;1;0.113636363636364;0.285714285714286;0;0.0833333333333333;0.142857142857143;NA;1;NA;0.333333333333333;0.176470588235294;0.402777777777778;0.923076923076923;0;0;0.42;1;0.315789473684211;1;0.690909090909091;0.266666666666667;1;0.6;0.6;0.210526315789474;1;0.6;0.342857142857143;NA;0.263157894736842;0.130434782608696;0;0;0.368794326241135;0.2;0.571428571428571;"2017/09"
