"species";"ar0";"ar1";"ar2";"ar0.df1";"ar1.df1";"ar2.df1";"ar0.df2";"ar1.df2";"ar2.df2";"ar0.df3";"ar1.df3";"ar2.df3"
"1";"A.crassip";0;0.943346033673976;1.61555638872744;0;1.34888443586553;1.078204803294;0;1.39312772231787;1.89975812390455;0;1.65145379767588;2.48705124244952
"2";"A.lacustr";5.31246046757295;0;1.81514340725224;3.2096815660725;0;1.15926091352864;2.9617863359112;0.503060441245196;0;3.64394081055852;1.22807015832623;0
"3";"A.osteomy";0;1.34036518106967;1.97379986175686;0;0.959507970729746;2.05630373562489;0;0.967272384032583;1.69313403323758;0;1.04719468417247;1.79942468547333
"4";"Ast.lacus";0;1.82020758131171;3.74963289357262;0;1.84528716123171;3.79609090957095;0;1.23594996268454;3.23591707492599;0;1.39895555881577;3.39515616744799
"5";"C.britski";0;1.53228742115752;3.47600142961593;0;1.70990349834375;3.62420713389463;0;1.7611877580255;3.68011553540674;0;1.77953148057489;3.72522376356946
"6";"C.kelberi";2.54843425588979;0.545902069295067;0;1.53601261662553;0.203972500811489;0;1.58324672929129;0.138144347070067;0;1.60454574653983;0.198846801025667;0
"7";"C.modestu";0;1.99050739164146;2.85215686581314;0;1.9999353425993;2.62234732242166;0;1.97928490182784;3.02768597149591;0;1.99562881841508;2.99838141348171
"8";"C.nagelii";0;0.835260425664544;2.43631591123142;0;0.28072743861555;1.97402549864975;0;0.512014265812446;2.39093003940842;0;0.120252461580129;1.97382751691419
"9";"C.piquiti";0;0.918979991016613;2.1887520373953;0;0.23210510965751;1.75274230611022;0;0.1482920827127;1.39759402871692;0;0.827508796371148;1.8952047644643
"10";"E.triline";2.10586697700271;0;0.972719232721005;2.94347872128904;0;1.33565550804158;3.52332742841179;0;1.34791812124277;2.69887635794672;0;0.976983542932913
"11";"G.inaequi";0;1.99914495424738;3.63987998363004;0;1.99937995143162;3.49646477364263;0;1.99999586105379;3.3550235238593;0;1.99435668020992;3.49445803685576
"12";"G.sveni";0;1.68149424735783;3.64783732065777;0;1.82418962182358;3.7937090234349;0;1.91454467410526;3.90514972504377;0;1.92203793782419;3.53951447873804
"13";"H.littora";0.798831585932547;1.82761416080731;0;0.651617275930036;1.74519244125403;0;0.37741720290505;1.63132209820228;0;0.83382317219116;2.29492558723359;0
"14";"H.mbigua";0;0.618234373369184;1.93699911212327;0;1.32498915427887;2.22710548311418;0.559704483164943;0;0.241093254127968;0;0.310170741567148;0.875914540840597
"15";"H.oremacu";0;0.690623877172499;0.373886647041374;0;0.669192345022424;0.0286165780053693;0;1.14713096881529;0.905735825517922;0;0.998447926038722;0.991698909529106
"16";"H.orthono";0;1.5536274122049;3.36169242648044;0;1.58459233964707;1.91690030308042;0;1.58754485371468;1.33843387544336;0;1.25848770548052;1.10560849986797
"17";"H.platyrh";1.52094167469082;1.2348825300791;0;0.215003370062959;0.968759356082842;0;0;0.797105375116317;1.20674199768919;0.508399872880474;0;0.514440181246059
"18";"H.unitaen";0;1.99067121344974;1.80219492847985;0;1.95019174363689;1.48299550663933;2.79188149404476;4.54336944027334;0;1.0066440518021;2.76952383483528;0
"19";"Hopli.sp2";6.33352419886802;0;0.318579876741239;4.58714573709121;0;1.39145255871313;4.71061593283839;0;1.49661050729215;4.14696300027818;0;1.10372601394333
"20";"Hopli.sp3";0;0.604830075301066;1.05388341547012;0;0.682180433326693;1.32514668274665;0;0.628174362423763;0.205240912435045;0.999214628727103;1.0398938221295;0
"21";"I.labrosu";0;1.97040572188058;3.75940106258798;0;1.87561619630837;3.59645681473395;0;1.99535107867199;3.97789525968714;0;1.96587326613765;3.38438748550753
"22";"L.frideri";0;1.93545445501505;3.12174455634781;0;1.57767580634956;3.43591161941254;0;1.78900824810827;1.92322665030483;0;1.88893492601071;0.454517022455263
"23";"L.lacustr";0;1.42451878545668;3.1792762625594;0;0.863738326538623;2.83629493029193;0;1.12039275901233;2.65515646185173;0;1.01214027084026;2.50366349086781
"24";"L.platyme";0;1.38896417239766;0.994442266938293;0;1.22255185005962;0.674777008983938;0;1.62207831775478;0.568577501878366;0;1.88025117176007;0.861228902868831
"25";"M.aff.int";0;1.97621750906737;1.68656535396227;0;1.98305107025536;1.21181659265639;0;1.97451113166909;1.77452836919949;0;1.95609556057454;2.40863994320659
"26";"M.lippinc";0;1.97819275274662;0.562985844334605;0;1.96236652435002;0.631166337301465;0.889103603773407;2.6179369119925;0;0.979215590160067;2.70080462045038;0
"27";"M.macroce";0;1.96958599364169;3.95023687423523;0;1.97037745245925;3.81640710102113;0;1.95541042930685;3.94333037170964;0;1.89125416418989;3.88947677839425
"28";"M.piavuss";0;0.412957553632737;2.41292485718043;0.193006515064496;0;1.30071005343981;0;0.960245824715003;1.17929480111044;0;1.11060000130405;2.00016012388119
"29";"P.ambrose";0;0.797962435090611;2.66393674646405;0;1.5148310471066;3.36573155103136;0;1.81638625288784;3.39941509138461;0;1.65796675019899;3.47004000174508
"30";"P.corrusc";10.8967759912833;8.29632029339305;0;8.29740054399409;7.19470448839658;0;4.21502473437837;4.57565980139134;0;2.71147870595101;3.27326698720859;0
"31";"P.galeatu";0;1.80341261199061;2.34498124505834;0;1.83318305554573;2.3141753898133;0;1.84530685462795;3.01665908675369;0;1.6558492649221;2.9822064804118
"32";"P.granulo";0;0.708688562396247;0.837315466324441;0;0.83618244638896;0.901955698005139;0;1.14862526845293;1.11445161689645;0;0.820092433334239;1.13169235115701
"33";"P.lineatu";6.58777714166587;0;1.84093971923771;6.24931588790334;0;1.86705565007432;5.88788395690884;0;1.94902744689509;5.24263960966051;0;1.93295634332726
"34";"P.maculat";0;1.95624442171547;3.56965104346671;0;1.99678415760309;3.94814072788364;0;1.72774503543334;2.80410768223368;0;1.41938248501614;1.81536096003683
"35";"P.mesopot";0.86187312587046;0;1.90602216574414;1.85682234714051;0;1.99655665918353;1.47594910085861;0;1.64504130468516;0.738017412096767;0;1.67592066606456
"36";"P.mysteri";0;1.73608659639386;3.23606817398402;0;0.990012240671298;0.194764446328861;0;0.882818065665063;2.08521546236575;0;1.11373658648494;2.43768584469339
"37";"P.squamos";0;1.96053706931093;3.92145134503644;0;1.87467918444668;3.82968328324151;0;1.97419819037499;3.95197649951309;0;1.96767173750845;3.95459743764225
"38";"R.descalv";0;0.0413312188048565;0.47536916983907;0;0.000551881364629025;0.198100269468881;0;0.156518944270914;0.170460247637493;0;0.170115422695147;0.45996052488357
"39";"R.hahni";1.64672362824517;0;1.84704530147933;0.561879444430673;0;1.66704982176707;0.178491258628142;0;1.85287883781531;0;0.0215516431558882;1.95307136042052
"40";"R.vulpinu";0;1.71460820974946;0.971388282165279;0;1.99562810333853;3.14128278965023;0;1.99942762041491;3.32558421839663;0;1.99934074710426;3.48204538811717
"41";"S.borelli";0;1.92629970768064;2.32519769338761;0;1.61649004327089;1.8165203362568;0;1.24251671234279;1.42907413907595;0;1.80242106443042;1.93373236595096
"42";"S.brasili";0;0.996577743237069;2.94093846137647;0.0122038313446993;0;1.8150405397931;0;0.00846769213210763;1.73613046758119;0;0.171635679844265;1.9288367231253
"43";"S.brevipi";3.69705922583753;5.66692883742684;0;5.37070333115619;7.25544082685695;0;4.10450249942329;5.99880923568958;0;1.46486120404415;3.43039337949216;0
"44";"S.insculp";12.3744943101062;0;1.85492356452833;12.234081819338;0;1.87572713109647;13.0410857857951;0;1.97294663436361;13.9914378257886;0;1.84037870003542
"45";"S.lima";0;1.88591116291248;3.88352773247591;0;1.6909596786586;3.66262845432536;0;1.75452233264963;3.73418882100333;0;1.84769568680682;3.8011014439204
"46";"S.maculat";1.03447087606625;0;1.62022358611634;1.14181621523738;0;1.57354332661006;1.16417098815558;0;1.56304876893427;0.955311407962142;0;1.69596357313489
"47";"S.margina";2.00697154885165;3.59464857260149;0;2.32317019746644;4.17382016614548;0;10.1877010496054;11.668258998177;0;13.6281377432828;14.3258169663988;0
"48";"S.pappate";6.60359358574763;0;1.7980336782164;11.6540527673321;0;1.80193122909083;6.16529710260826;0;1.87311962866082;3.36715139874784;0;1.95092697479814
"49";"T.paragua";0;0.447850963154679;1.9793475759912;0;0.462847935363001;2.27280373439372;0;0.72837186685409;1.95709818412109;0.659313161905267;0;1.0604821663927
